   1.9426e+01  -4.6866e+00   8.2289e-01
  -1.0178e+01   1.4868e+01   8.6794e+00
   7.9228e-02  -4.9447e+00   1.9379e+01
  -4.6660e-02  -1.1151e+00   1.9969e+01
  -1.6658e+00  -3.5882e-01  -1.9927e+01
  -1.1161e+01   4.0680e+00  -1.6090e+01
  -1.4099e+00  -6.6983e+00  -1.8792e+01
   1.5696e+00  -1.6245e+01  -1.1561e+01
  -7.9309e-02  -8.9593e+00  -1.7881e+01
  -7.1174e+00   2.8624e+00   1.8470e+01
  -6.9496e-01   2.9962e-01   1.9986e+01
  -1.3219e+01  -1.4582e+01   3.5550e+00
   1.8808e+01   5.0212e+00   4.5891e+00
   1.4325e+01   7.2577e+00  -1.1921e+01
   9.9823e+00  -9.8485e+00   1.4260e+01
  -4.6033e+00   1.8439e+01   6.2305e+00
   4.6884e+00  -9.7544e+00  -1.6819e+01
  -1.8404e+01   3.1031e-01   7.8224e+00
  -7.1756e+00  -1.6133e+01   9.3936e+00
   3.6835e-01   1.8106e+01   8.4877e+00
   2.7515e+00   5.2944e+00   1.9089e+01
  -1.0161e+01  -1.2109e+01  -1.2253e+01
  -6.1549e+00  -1.9013e+01   7.8399e-01
  -7.2014e+00   7.0845e+00   1.7261e+01
   4.3312e+00  -1.3162e+01  -1.4422e+01
  -1.3275e+01   1.2568e+01  -8.1124e+00
  -1.5964e+01   8.1123e+00   8.9065e+00
  -8.9425e-01  -1.1800e+01   1.6123e+01
   9.5144e+00  -1.7180e+01  -3.7852e+00
  -1.2430e+00   4.3818e-02  -1.9961e+01
   3.2394e-01  -5.5431e-01   1.9990e+01
  -1.7755e+01  -6.7086e+00   6.3048e+00
   6.2907e+00   9.8766e+00   1.6214e+01
  -4.7111e+00  -1.7163e+00   1.9361e+01
   3.1230e+00   1.5169e+00   1.9696e+01
   6.0776e+00  -1.1183e+01  -1.5427e+01
  -1.9252e+00   2.8174e+00  -1.9707e+01
  -1.3106e+00   4.9523e+00   1.9333e+01
   7.4857e+00   5.2468e+00  -1.7789e+01
  -5.4164e+00  -2.7629e+00   1.9053e+01
   1.2671e+00  -1.1107e+01  -1.6584e+01
   1.2378e-01  -2.8962e-01  -1.9998e+01
  -6.1406e+00   4.3437e+00  -1.8532e+01
   9.7401e-01   4.7192e+00  -1.9411e+01
   9.7898e+00   1.0123e+01  -1.4201e+01
  -6.8382e+00   2.2612e+00  -1.8658e+01
  -1.1616e+01   1.4349e+01   7.6936e+00
  -1.8535e+00   6.2146e+00  -1.8919e+01
   7.3549e+00  -3.6277e+00  -1.8241e+01
  -5.0629e+00   1.0845e+01  -1.6023e+01
  -9.1543e+00   1.3788e+01  -1.1229e+01
  -2.7279e+00   1.9641e-01  -1.9812e+01
  -3.2304e+00  -1.4809e+01   1.3048e+01
  -7.9228e+00  -5.9405e-01  -1.8354e+01
   1.8584e+00   1.5968e+01   1.1899e+01
   1.9314e+01   1.5601e+00  -4.9536e+00
  -1.6744e+01  -1.0497e+01   3.0716e+00
  -1.2738e+01  -4.1992e+00   1.4836e+01
  -1.8624e+01   5.1687e+00  -5.1413e+00
   7.4055e-02   3.2648e-02  -2.0000e+01
  -8.3094e+00  -8.7817e+00   1.5932e+01
  -9.5636e+00   1.7551e+01  -7.1525e-01
  -1.5676e+01  -6.3024e+00   1.0703e+01
  -1.9186e+01  -1.1818e-01  -5.6467e+00
   3.2743e+00  -2.7950e+00   1.9531e+01
  -1.1439e+00   3.1168e+00  -1.9723e+01
   1.9145e-01   1.8737e-01   1.9998e+01
  -1.6097e+01  -2.9646e+00  -1.1493e+01
   2.8903e+00  -5.4285e+00  -1.9031e+01
  -3.4501e+00  -3.1638e-01  -1.9698e+01
   7.1796e+00   5.3888e+00  -1.7872e+01
  -1.6309e+01   1.1088e+01   3.3299e+00
  -2.2396e+00  -1.4853e+01   1.3205e+01
   3.3420e+00   1.9539e+01  -2.6593e+00
  -1.4056e+01  -1.2182e+01  -7.3502e+00
   1.3692e+01   7.6169e+00   1.2430e+01
  -1.4922e+01   1.3297e+01   7.2368e-01
  -1.7556e+01   9.0423e+00   3.1673e+00
   3.0450e+00   3.2592e+00   1.9496e+01
  -4.6815e+00   9.7130e+00   1.6845e+01
   1.9682e+01  -3.5489e+00   1.0256e-01
  -1.6556e+01   6.2143e+00   9.3424e+00
   4.1218e+00  -6.7606e+00   1.8366e+01
  -2.3767e+00   5.4781e-02  -1.9858e+01
  -7.9750e+00   1.3413e+01  -1.2509e+01
   1.6127e+01  -4.2005e+00   1.1058e+01
   1.8278e+01   5.4922e+00   5.9796e+00
   5.7923e+00   8.0180e+00  -1.7383e+01
  -3.2751e-01   1.8281e+00  -1.9914e+01
   1.5241e+01   1.2734e+01  -2.3544e+00
   2.6271e+00  -9.0535e+00   1.7639e+01
   1.6993e+00  -5.0410e+00  -1.9280e+01
  -2.9594e+00   2.1152e+00   1.9666e+01
  -1.2764e+00   1.7193e+00  -1.9885e+01
   1.6683e+01  -9.8274e+00   5.0090e+00
   1.2852e-02  -2.6194e-01   1.9998e+01
  -1.4170e+00  -1.9231e+01   5.3074e+00
   1.1806e+01  -3.6969e+00  -1.5715e+01
   6.4724e+00   1.8202e+01  -5.1761e+00
   1.6114e+01  -1.0109e+01  -6.1766e+00
   6.8296e+00   1.2429e+00   1.8757e+01
  -2.2437e+00  -3.7049e+00  -1.9525e+01
  -1.4531e+00  -1.1859e+01   1.6039e+01
  -1.6503e+01   1.3954e+00  -1.1212e+01
   2.8717e-01  -4.9128e+00   1.9385e+01
  -9.7130e-01   1.4135e+01   1.4115e+01
  -8.7450e-01  -6.1301e+00   1.9017e+01
   8.8459e+00   8.8134e+00  -1.5623e+01
   1.1916e+01   4.8252e+00   1.5321e+01
   1.9673e+01  -3.1798e-02  -3.6036e+00
   8.1659e+00   2.0036e+00  -1.8147e+01
  -1.0132e+00   1.8762e-01   1.9973e+01
   1.7485e+01   8.5557e+00  -4.5906e+00
  -1.3350e+01   1.2522e+01   8.0621e+00
  -2.8247e+00   3.6432e+00   1.9461e+01
  -8.0625e+00   1.6703e+01   7.4839e+00
   2.8984e+00  -1.4214e+01  -1.3768e+01
  -5.5925e+00  -6.6516e+00   1.8013e+01
  -9.3853e+00  -4.1842e+00   1.7158e+01
  -1.9746e+01   3.0089e+00   1.0113e+00
  -1.8455e+00  -7.2938e-01   1.9901e+01
   1.1386e-02   9.4586e-01   1.9978e+01
  -1.7301e+01   1.0028e+01   3.2657e-01
  -1.3211e+01   6.3703e+00  -1.3597e+01
  -1.6970e+01   4.1384e+00  -9.7404e+00
  -2.7147e+00   2.8036e-01   1.9813e+01
  -4.3692e+00   1.9517e+01   9.7809e-02
  -1.0196e+01  -3.8393e+00  -1.6772e+01
   7.4028e-01   4.3336e-01   1.9982e+01
   1.0807e+00  -2.7286e+00   1.9784e+01
   1.3130e+01   1.1424e+01  -9.8541e+00
  -7.0155e+00   1.4550e+00  -1.8673e+01
   1.5290e+01   3.1267e+00  -1.2507e+01
  -1.4347e+01  -7.5997e+00   1.1680e+01
  -2.0463e+00  -8.2469e+00   1.8105e+01
  -4.1531e+00   9.2720e+00   1.7227e+01
   1.0355e+01   3.4427e+00   1.6761e+01
   2.0247e+00  -2.0732e+00   1.9789e+01
  -1.5258e+00   1.9123e+01  -5.6570e+00
  -9.2313e+00  -1.2652e+01   1.2438e+01
   4.7353e+00   6.9189e+00  -1.8158e+01
   1.9484e+01   1.3380e+00   4.3090e+00
  -1.4075e+01   9.2330e+00  -1.0800e+01
  -1.0051e+01  -4.2313e+00  -1.6765e+01
   1.2426e+01  -6.0001e+00  -1.4477e+01
   7.3228e+00   1.6600e+01   8.4162e+00
   3.8710e+00  -1.0984e+01  -1.6259e+01
  -1.2762e+01   1.4828e+01  -4.1563e+00
   1.0448e+01  -1.6845e+01  -2.6622e+00
   1.1410e+00  -1.7940e+01   8.7664e+00
  -1.7051e+01   9.9017e+00  -3.3509e+00
  -1.3324e+01   1.0734e+01   1.0357e+01
  -5.4068e+00  -1.0351e+01  -1.6236e+01
   1.9991e+00  -6.0084e-02   1.9900e+01
  -1.6580e+01   8.1469e-01   1.1155e+01
   5.8788e+00   1.4071e+01  -1.2940e+01
   8.6669e+00   1.6727e+01   6.7152e+00
  -1.1910e+01   9.2845e+00  -1.3113e+01
  -7.6929e+00   1.7482e+01   5.9317e+00
   8.9400e+00   2.2396e+00  -1.7750e+01
   2.1085e+00  -1.3888e+01  -1.4236e+01
   1.5408e+01  -1.1998e+01   4.3183e+00
  -3.6726e-01   1.4812e+01  -1.3434e+01
  -2.1375e+00   3.1977e+00   1.9627e+01
   2.4375e-01   1.6238e+01  -1.1673e+01
   1.1699e+01   1.1542e+01  -1.1398e+01
  -1.2632e+01   1.2726e+01  -8.8594e+00
   1.5126e+01  -9.5708e+00   8.9217e+00
   1.5493e+01  -1.0779e+01   6.6162e+00
  -2.5570e+00  -1.3419e+00   1.9790e+01
   1.4973e+01   6.0865e+00   1.1780e+01
   1.2105e+01   1.1745e+01   1.0748e+01
  -1.3407e+01   7.1904e+00  -1.2982e+01
  -9.6034e+00  -1.7323e+01  -2.7727e+00
  -1.2903e+01   1.0766e+01   1.0845e+01
  -9.4843e+00  -1.7570e+01  -1.1584e+00
   1.7597e+01  -8.8550e+00  -3.4536e+00
  -5.7822e+00   4.0295e+00   1.8717e+01
   2.4278e+00   7.0717e+00  -1.8550e+01
   1.2038e+00   1.9303e+01  -5.0924e+00
   2.1489e+00   1.8001e+01  -8.4458e+00
   1.1533e+00  -5.4634e+00   1.9205e+01
  -1.6906e+00  -1.4978e+00  -1.9872e+01
  -2.5674e+00   8.0792e+00   1.8115e+01
   1.2974e+01  -3.4211e+00  -1.4831e+01
  -1.8592e+01  -1.7079e-01  -7.3697e+00
  -7.3317e+00  -1.2785e+01  -1.3520e+01
  -2.7403e+00  -5.5167e+00   1.9028e+01
  -1.6161e+01   5.4509e+00   1.0446e+01
   7.6605e+00  -1.6532e+01  -8.2459e+00
  -1.4510e+01   1.3158e+01  -4.0420e+00
   1.0885e+00  -5.3038e-01  -1.9963e+01
   1.7343e+01   9.6437e+00   2.4942e+00
  -9.7351e+00   8.7592e+00  -1.5116e+01
  -5.6420e+00   5.5319e+00   1.8373e+01
   1.1657e+01   5.6316e+00   1.5244e+01
  -1.9619e+00   1.9249e+00   1.9810e+01
   1.0153e+00  -1.4321e+01   1.3924e+01
   2.1952e-01   6.5055e-01   1.9988e+01
   3.2780e+00   6.1329e-01   1.9720e+01
   1.7111e+00  -1.1948e+01  -1.5947e+01
   1.2872e+01   1.5096e+01   2.5322e+00
   1.1694e+01   3.7577e+00   1.5784e+01
   1.0440e+01  -1.3542e+01  -1.0374e+01
  -7.5132e+00  -9.0054e+00  -1.6200e+01
  -7.3495e+00  -1.0227e+01   1.5537e+01
  -4.4823e+00   1.8815e+01   5.0898e+00
   2.1726e+00  -1.3964e+01   1.4152e+01
   5.0841e+00  -2.7594e+00  -1.9145e+01
   1.4457e+01   4.5700e+00   1.3042e+01
  -2.6503e+00  -1.8957e+01  -5.7984e+00
  -5.2705e+00  -1.2158e+01   1.4980e+01
  -7.2644e-01   6.3732e-01  -1.9977e+01
   5.8600e+00  -1.2667e+01  -1.4325e+01
   2.3453e-03   7.4551e-01   1.9986e+01
   5.0841e+00   1.9164e+01   2.6220e+00
   4.9563e+00   1.6881e+01  -9.5107e+00
  -7.1760e+00   6.2645e+00   1.7586e+01
  -1.0119e+00  -1.7258e+01   1.0057e+01
   2.4706e+00   1.4371e+00   1.9795e+01
   1.9271e+00   1.1601e+01  -1.6177e+01
  -3.7547e+00  -4.2403e+00   1.9181e+01
  -1.9882e+01  -9.1077e-01  -1.9709e+00
   1.3647e+01   1.3685e+01   5.1471e+00
   1.5138e+00   2.6657e+00  -1.9764e+01
  -8.6270e-01  -1.3129e+00   1.9938e+01
  -1.0954e+01   1.4625e+00  -1.6669e+01
  -5.6402e-02  -8.9068e-02  -2.0000e+01
   1.8309e+01  -4.7879e+00   6.4703e+00
   1.8716e+01   6.9883e+00  -9.3900e-01
  -5.8239e+00   7.9099e+00   1.7422e+01
   5.9206e+00   1.0621e+01  -1.5879e+01
   5.0634e+00  -8.9477e+00   1.7155e+01
  -8.5312e+00   2.9361e+00  -1.7849e+01
   6.0618e+00  -1.7882e+00  -1.8975e+01
  -1.3775e+01  -3.2219e+00  -1.4138e+01
  -3.5313e-01  -2.3847e-02   1.9997e+01
   1.8628e+01  -6.4355e-01  -7.2511e+00
   1.6454e+00  -3.3373e-01  -1.9929e+01
  -1.6145e+01  -8.4913e+00   8.1989e+00
  -1.8439e+01  -5.0097e-01   7.7298e+00
   1.5636e+01   6.6094e+00  -1.0576e+01
  -1.2672e+01   8.5717e+00  -1.2882e+01
  -1.7180e-01  -1.8756e+01   6.9420e+00
  -6.7809e-01   6.9473e+00  -1.8742e+01
   9.2884e-02   1.9925e-01   1.9999e+01
   2.7246e+00   1.6541e+00   1.9744e+01
   8.7114e+00  -1.7953e+01  -1.3483e+00
  -1.4966e+00  -2.5717e+00  -1.9777e+01
  -8.2908e+00   1.6746e+01  -7.1295e+00
  -7.1111e+00  -1.7726e+00  -1.8609e+01
   7.3339e+00  -1.8464e+01   2.3002e+00
   6.6424e+00   1.2856e+00   1.8821e+01
  -3.5906e-01  -2.0546e+00   1.9891e+01
  -3.6124e+00   1.9534e+01  -2.3193e+00
   1.3215e+01  -1.0066e+01   1.1138e+01
   1.6629e+01   2.7557e+00   1.0765e+01
   8.5880e+00  -1.2720e+01  -1.2824e+01
  -1.7498e+01   7.3337e+00  -6.3285e+00
  -1.9758e+00  -1.4927e+01   1.3164e+01
   1.3707e+01   3.7975e+00   1.4061e+01
   1.4520e+00   4.9570e-01  -1.9941e+01
  -1.9848e+01   2.3126e+00   8.5217e-01
   7.6837e+00   1.8064e+01   3.8295e+00
  -6.9536e+00  -1.7207e+01  -7.4540e+00
   1.2019e+00  -5.2669e+00   1.9257e+01
   1.2335e+01   1.4395e+01  -6.3745e+00
   1.7191e+01  -3.3057e+00   9.6717e+00
  -1.5542e+01   3.4790e+00   1.2097e+01
  -1.2953e+00  -1.7818e+01   8.9913e+00
  -8.4884e+00  -1.6951e+01  -6.3725e+00
  -5.6649e+00   4.8600e+00  -1.8555e+01
  -1.3647e+01  -1.5215e+00  -1.4541e+01
  -2.3512e+00   1.0640e-01   1.9861e+01
  -3.2648e+00   1.7474e+00  -1.9654e+01
   8.2223e+00  -1.5175e+01   1.0105e+01
   1.7132e+01  -9.2903e+00   4.4927e+00
   8.7981e+00  -1.1751e+01  -1.3583e+01
  -1.5988e+00  -1.9697e+01  -3.0801e+00
   5.2131e-01  -1.9834e+01  -2.5208e+00
  -1.2870e+01   1.5309e+01   7.2492e-02
   1.3150e+01  -8.1344e+00   1.2685e+01
   1.5189e+01   1.2017e+01   4.9883e+00
  -1.6982e+01  -1.0493e+01   1.2238e+00
  -4.9146e-01  -2.7324e+00  -1.9806e+01
   7.8988e+00  -1.0579e+01   1.5023e+01
   4.0911e+00   4.0423e+00  -1.9155e+01
   9.4545e+00  -7.0511e+00   1.6152e+01
   7.3866e+00   3.4592e+00   1.8261e+01
   1.7814e+01   2.3742e+00   8.7769e+00
   7.3074e+00   1.8432e+01  -2.6165e+00
  -7.7077e+00   8.9874e+00  -1.6119e+01
   1.9122e+01  -5.0023e+00   3.0542e+00
  -3.2418e+00   1.9626e+00   1.9638e+01
   2.6686e+00  -1.7836e+00   1.9741e+01
  -1.7628e+01  -9.4483e+00   4.7231e-03
   5.7433e-01   1.1151e+00   1.9961e+01
   1.9050e+00   1.7206e+01  -1.0016e+01
  -6.5464e+00  -6.1738e+00  -1.7861e+01
   1.9074e+01  -2.8962e+00  -5.2715e+00
  -5.5506e-01   4.9798e-01  -1.9986e+01
  -1.7104e+01   9.7159e+00   3.6121e+00
  -1.7949e+01  -5.5682e+00  -6.8426e+00
  -9.7357e+00   1.6497e+01   5.7501e+00
   4.7726e+00  -6.7561e-01  -1.9410e+01
   1.1788e+00  -7.6186e+00   1.8454e+01
  -1.3742e+01   1.2190e+01   7.9109e+00
   1.8133e+01   6.1815e+00  -5.7425e+00
  -1.7709e+01  -9.2870e+00   3.6180e-01
   3.3524e+00   8.4923e+00  -1.7794e+01
   1.0228e+01  -8.5927e+00   1.4884e+01
   1.4392e+00  -1.4907e+01  -1.3256e+01
   1.7826e+01  -8.8901e+00  -1.7859e+00
  -7.3375e-02   1.7345e-01   1.9999e+01
  -1.5608e+01   7.5709e+00  -9.9536e+00
  -1.9587e+01   3.6227e+00  -1.8007e+00
  -1.8104e+00   6.9232e+00  -1.8676e+01
   7.1321e+00   7.2634e+00   1.7216e+01
  -4.0860e+00  -1.3811e+01  -1.3877e+01
  -1.4185e+01  -1.4069e+01  -9.2647e-01
   1.1147e+01  -2.1989e+00   1.6459e+01
   1.7913e+01   4.3528e+00  -7.7582e+00
   8.5512e+00   3.4983e+00  -1.7738e+01
   3.0478e-01   6.4315e-01  -1.9987e+01
  -1.0687e+01   7.4706e+00  -1.5165e+01
   1.6293e+01  -7.8881e+00  -8.5033e+00
  -1.9085e+01   3.4797e+00   4.8628e+00
  -2.4080e+00  -1.9820e+01  -1.1764e+00
  -7.8450e+00  -3.1629e+00   1.8123e+01
   6.8681e-01   2.4968e+00  -1.9832e+01
  -3.3976e+00   6.8520e+00   1.8480e+01
  -5.8921e+00   1.9089e+01  -9.4374e-01
   3.4158e+00   1.7259e+01  -9.5114e+00
   5.4594e+00  -1.5849e+00  -1.9175e+01
   1.3357e+01  -3.7021e+00  -1.4418e+01
   1.1480e+01   1.4227e+01  -8.1112e+00
  -1.3826e+00   6.1985e-01  -1.9943e+01
  -1.9843e+00   1.5641e+01  -1.2306e+01
  -2.2151e+00   6.7404e+00  -1.8699e+01
  -4.5272e+00  -1.9951e+00  -1.9378e+01
   2.1181e+00   1.5900e+00  -1.9824e+01
  -1.2927e+01   1.3626e+01  -6.8718e+00
   5.9192e+00  -1.7681e+00  -1.9022e+01
  -2.0525e+00  -1.9796e+00   1.9796e+01
  -3.2636e+00   1.5384e+01   1.2357e+01
   9.0984e+00  -1.1242e+01  -1.3815e+01
   1.1895e+00  -1.3410e+00   1.9920e+01
  -2.5548e+00  -1.4376e+01   1.3667e+01
   8.8994e-01  -9.5005e+00   1.7577e+01
   1.6910e+01  -9.4262e+00   5.0202e+00
  -1.5152e+01  -7.1240e+00   1.0939e+01
  -1.2007e+00  -1.2997e+01   1.5154e+01
   6.0749e+00   6.9310e+00   1.7750e+01
  -1.2789e+01   1.4224e+00  -1.5311e+01
  -1.5286e+01   1.1749e+01  -5.3187e+00
   1.0418e+01  -1.6721e+01  -3.4469e+00
  -2.5996e+00  -1.9631e+01  -2.8038e+00
  -1.0363e+00   9.1642e-01   1.9952e+01
   1.1593e+01   1.0111e+01  -1.2782e+01
   1.5925e+01   3.7952e+00  -1.1489e+01
   6.1686e-01   1.1032e+00  -1.9960e+01
   3.5727e+00  -6.4112e-01   1.9668e+01
   1.5863e+01   9.5464e+00   7.5653e+00
  -9.2521e-01  -1.2050e+01  -1.5936e+01
   1.6770e+01  -6.7666e+00   8.5429e+00
  -2.3673e+00  -1.9223e+01  -4.9856e+00
  -7.6582e+00  -2.6385e+00  -1.8286e+01
   1.2692e+01   1.5388e+01  -1.4582e+00
   2.9425e-01   1.7749e+00   1.9919e+01
  -7.9328e+00  -1.1084e+01   1.4636e+01
   1.4557e+01   5.2990e+00  -1.2650e+01
   1.0598e+01   8.4981e+00   1.4679e+01
  -1.6544e+00   1.9517e+01   4.0436e+00
   4.0377e+00  -3.1714e+00   1.9330e+01
  -2.9206e+00  -5.3330e+00  -1.9053e+01
  -4.5152e+00   3.9569e+00  -1.9078e+01
   1.0725e+00  -1.2910e+01   1.5238e+01
  -4.0351e-01  -1.9709e+01  -3.3733e+00
   1.7702e+01   6.0850e+00  -7.0445e+00
   4.6359e+00  -1.6187e+01   1.0793e+01
   1.8991e+00   9.5733e+00  -1.7457e+01
   4.8022e+00  -1.4925e+01  -1.2417e+01
   4.6243e+00  -1.9324e+01   2.2784e+00
   1.4690e+01   1.2893e+01  -4.2393e+00
  -5.8635e+00  -1.7635e+01   7.3913e+00
  -1.0066e+01   8.7891e+00  -1.4881e+01
  -8.3696e-01  -3.9427e+00   1.9590e+01
  -2.2913e+00  -1.9785e+01   1.8133e+00
   3.9870e+00   3.6635e+00  -1.9253e+01
  -1.5004e+00   5.6698e+00   1.9121e+01
   9.6981e+00   1.1113e+00  -1.7456e+01
  -9.0156e+00  -6.4948e-01  -1.7841e+01
   1.5955e+01   8.5827e+00   8.4715e+00
  -9.7668e+00  -2.4590e+00   1.7279e+01
  -2.0951e+00   6.1413e+00   1.8918e+01
   7.3204e+00  -1.7598e+01  -6.0611e+00
   1.2232e+01   1.4023e+01  -7.3318e+00
  -1.1526e+01  -1.6186e+01  -2.2748e+00
  -1.5476e+01  -1.1156e+01  -6.0024e+00
  -6.2132e-02  -1.6526e+01  -1.1264e+01
  -7.1490e+00   1.3389e+01  -1.3024e+01
   8.2851e+00   1.3365e+01  -1.2358e+01
   1.4763e+01  -1.3471e+01  -7.7200e-01
   9.0565e-01   5.4254e+00   1.9229e+01
  -6.6355e+00  -1.7426e+01  -7.2315e+00
  -4.4313e-01   1.6911e+00   1.9923e+01
  -4.2389e+00  -1.8899e+01  -4.9860e+00
  -8.3787e+00   9.2281e+00  -1.5641e+01
  -6.7737e+00   1.8629e+01   2.6600e+00
   1.7209e+01   9.9492e+00  -2.2038e+00
   7.6644e+00  -4.6178e-01  -1.8467e+01
   1.7682e+01  -4.5640e+00  -8.1549e+00
  -4.0662e+00   5.1793e+00   1.8885e+01
   1.3192e+01  -1.0416e+01  -1.0840e+01
  -6.5010e+00  -6.9896e+00  -1.7575e+01
  -4.3019e+00   4.8925e+00   1.8909e+01
  -1.7459e+01   9.7267e+00   7.6839e-01
   1.7954e+00  -5.9283e+00   1.9017e+01
   1.2521e+01  -7.5897e+00  -1.3624e+01
  -3.4134e+00   4.0986e+00  -1.9276e+01
   4.4217e+00  -1.0566e+01   1.6395e+01
   1.5040e+01   1.2974e+01   2.3346e+00
   5.3310e+00  -1.9071e+01   2.8044e+00
   3.5504e+00   1.9680e+01  -3.2053e-01
   3.2545e+00  -1.1774e+01  -1.5836e+01
   4.4425e+00   3.7289e+00  -1.9141e+01
  -6.8129e+00   5.0762e+00  -1.8106e+01
  -1.9857e+01  -1.2526e-01  -2.3857e+00
   6.3389e+00   1.0680e+01   1.5677e+01
   1.4058e+01  -6.4582e+00  -1.2676e+01
  -1.0561e+01  -1.4532e+01   8.7913e+00
   8.9455e-01   9.6144e+00   1.7515e+01
  -1.0330e+00   1.5826e+00   1.9911e+01
  -1.3502e+01  -1.3827e+01   5.1473e+00
  -9.8357e-01  -2.1238e+00  -1.9863e+01
   8.7423e+00   1.5679e+01   8.8172e+00
  -9.3626e+00   1.0980e+01   1.3849e+01
   5.6932e+00  -1.9071e+01  -1.9700e+00
   6.0407e+00  -9.8058e+00  -1.6351e+01
  -3.8031e+00   1.0250e+00  -1.9608e+01
   7.1030e+00  -1.6017e+01   9.6432e+00
   6.9275e-01  -4.7251e-02  -1.9988e+01
  -1.9312e+01  -8.6380e-01   5.1291e+00
   3.7725e+00   8.6857e+00  -1.7616e+01
   4.7574e+00  -1.1089e+01   1.5950e+01
   9.3208e+00  -4.0857e+00   1.7217e+01
  -3.4156e+00  -1.9703e+01   3.2780e-01
  -3.1310e+00   1.7076e+01   9.9303e+00
  -1.7232e+01  -5.5238e+00   8.5183e+00
  -4.8318e+00   1.7566e+01  -8.2523e+00
   3.3851e+00  -1.2778e+01   1.5009e+01
   1.4036e+01   1.4140e+01  -1.7443e+00
  -6.5027e+00   1.0968e+01  -1.5409e+01
  -1.8784e+01  -5.3370e+00  -4.3204e+00
   4.8496e+00  -5.6374e-01  -1.9395e+01
  -1.2862e+01  -3.6594e+00  -1.4872e+01
  -1.2675e+00   1.0322e+01  -1.7084e+01
   1.7244e+01   1.8926e+00   9.9529e+00
   1.9223e+01  -1.3919e+00  -5.3416e+00
   3.3130e+00  -1.8573e+01  -6.6379e+00
  -1.9680e+01   3.2170e+00  -1.5307e+00
   1.3481e+01  -3.3466e+00   1.4389e+01
   1.5545e+01  -1.1304e+01  -5.5296e+00
   7.9798e+00  -1.4930e+01   1.0650e+01
   1.4312e+01   8.3834e+00  -1.1175e+01
   1.3297e+01  -1.4052e+01   5.0717e+00
  -5.5605e-01   1.4201e-01  -1.9992e+01
   1.2920e+01   1.3417e+01  -7.2835e+00
   5.0825e+00   1.9333e+01   6.4609e-01
   7.2774e+00  -9.4805e+00   1.6036e+01
   4.6283e+00  -2.9772e+00   1.9228e+01
   8.1676e+00  -3.4292e+00  -1.7931e+01
   1.7339e+01   2.0853e+00   9.7466e+00
   4.9504e+00   4.3393e+00   1.8886e+01
   1.8437e+00   1.0969e+01   1.6622e+01
   8.5968e+00   2.0742e+00   1.7939e+01
   1.0069e+01   1.2450e+01   1.1983e+01
   1.8245e+00   1.0179e+01   1.7119e+01
  -1.3362e+01   1.3871e+01  -5.3898e+00
  -1.3800e+01   1.4028e+01   3.5769e+00
  -1.4517e+01   1.1866e+01   6.9617e+00
  -7.8025e+00  -3.6237e+00   1.8055e+01
   3.2831e+00  -8.3441e+00  -1.7877e+01
   6.5485e+00  -5.0878e+00  -1.8200e+01
  -1.1642e+01   6.1139e+00   1.5069e+01
   1.1908e+01  -6.3272e+00  -1.4770e+01
  -2.0802e+00   2.6252e-02   1.9892e+01
  -5.9712e+00  -1.3515e+00  -1.9040e+01
   3.3366e-01  -1.7182e+01   1.0231e+01
  -1.6645e+01   5.2125e+00  -9.7863e+00
  -4.6025e+00  -5.0338e+00  -1.8801e+01
  -3.6450e+00   4.9279e+00   1.9038e+01
   1.1696e+00   1.2029e+00  -1.9930e+01
   1.0144e+01  -1.6897e+01  -3.4063e+00
   8.2212e+00  -9.6937e+00   1.5442e+01
   1.2279e+01  -1.4541e+01  -6.1485e+00
  -7.4312e+00  -1.3101e+01   1.3159e+01
  -1.0270e+01  -6.3316e+00   1.5951e+01
  -6.4760e+00  -1.6568e+01   9.1414e+00
   1.2614e+01  -5.8418e-01   1.5510e+01
